{
 "cells": [
  {
   "cell_type": "code",
   "execution_count": 1,
   "metadata": {},
   "outputs": [
    {
     "name": "stdout",
     "output_type": "stream",
     "text": [
      "[[ 0.52532199 -0.85090352  0.          0.        ]\n",
      " [ 0.85090352  0.52532199  0.          0.        ]\n",
      " [ 0.          0.          1.         88.        ]\n",
      " [ 0.          0.          0.          1.        ]]\n",
      "[[ 0.52532199 -0.85090352  0.          0.        ]\n",
      " [ 0.          0.          1.          0.        ]\n",
      " [-0.85090352 -0.52532199  0.          0.        ]\n",
      " [ 0.          0.          0.          1.        ]]\n",
      "[[ 0.27596319 -0.44699833 -0.85090352  0.        ]\n",
      " [ 0.44699833 -0.72403681  0.52532199  0.        ]\n",
      " [-0.85090352 -0.52532199  0.         88.        ]\n",
      " [ 0.          0.          0.          1.        ]]\n"
     ]
    }
   ],
   "source": [
    "# Transformation matrices spine -> laser\n",
    "\n",
    "# Reference on top of spine\n",
    "# Intermediate after first servo\n",
    "# laser as b ase of laser\n",
    "# starting from spine...\n",
    "# ....first servo has to be rotation about the vertical axis\n",
    "# ....second servo has to be rotation about a horizontal axis\n",
    "\n",
    "# in mm\n",
    "\n",
    "import numpy as np\n",
    "\n",
    "theta_1 = 45\n",
    "theta_2 = 45\n",
    "\n",
    "T_base_1 = np.array([(np.cos(theta_1), -np.sin(theta_1), 0, 0),\n",
    "                        (np.sin(theta_1), np.cos(theta_1), 0, 0),\n",
    "                        (0, 0, 1, 88),\n",
    "                        (0, 0, 0, 1)])\n",
    "print(T_base_1)\n",
    "T_1_laser = np.array([(np.cos(theta_2), -np.sin(theta_2), 0, 0),\n",
    "                          (0, 0, 1, 0),\n",
    "                          (-np.sin(theta_2), -np.cos(theta_2), 0, 0),\n",
    "                          (0, 0, 0, 1)])\n",
    "print(T_1_laser)\n",
    "T_base_laser = np.matmul(T_base_1,T_1_laser)\n",
    "print(T_base_laser)"
   ]
  },
  {
   "cell_type": "code",
   "execution_count": null,
   "metadata": {},
   "outputs": [],
   "source": []
  }
 ],
 "metadata": {
  "kernelspec": {
   "display_name": "Python 3",
   "language": "python",
   "name": "python3"
  },
  "language_info": {
   "codemirror_mode": {
    "name": "ipython",
    "version": 3
   },
   "file_extension": ".py",
   "mimetype": "text/x-python",
   "name": "python",
   "nbconvert_exporter": "python",
   "pygments_lexer": "ipython3",
   "version": "3.5.2"
  }
 },
 "nbformat": 4,
 "nbformat_minor": 2
}
